                   1     2.500000000e-03    -0.000000000e+00    -0.000000000e+00
                   2     5.000000000e-03    -0.000000000e+00    -0.000000000e+00
                   3     7.500000000e-03    -0.000000000e+00    -0.000000000e+00
                   4     1.000000000e-02    -0.000000000e+00    -0.000000000e+00
                   5     1.250000000e-02    -0.000000000e+00    -0.000000000e+00
                   6     1.500000000e-02    -0.000000000e+00    -0.000000000e+00
                   6     1.750000000e-02    -0.000000000e+00    -0.000000000e+00
                   8     2.000000000e-02     9.080619656e-08    -2.881862318e-15
                   9     2.250000000e-02     1.397276085e-06    -1.000492890e-13
                  10     2.500000000e-02     1.217132063e-05    -1.557889272e-12
                  11     2.750000000e-02     7.008419538e-05    -1.383699781e-11
                  12     3.000000000e-02     2.960897449e-04    -8.166990990e-11
                  13     3.250000000e-02     9.868855415e-04    -3.545723028e-10
                  14     3.500000000e-02     2.733417741e-03    -1.214985699e-09
                  15     3.750000000e-02     6.535383387e-03    -3.456224132e-09
                  16     4.000000000e-02     1.387807051e-02    -8.471880553e-09
                  17     4.250000000e-02     2.674866736e-02    -1.840386639e-08
                  18     4.500000000e-02     4.758661993e-02    -3.620518764e-08
                  19     4.750000000e-02     7.917827276e-02    -6.559723937e-08
                  20     5.000000000e-02     1.245153477e-01    -1.109473010e-07
                  21     5.250000000e-02     1.866386989e-01    -1.770114942e-07
                  22     5.500000000e-02     2.684873704e-01    -2.687218975e-07
                  23     5.750000000e-02     3.727657674e-01    -3.910472480e-07
                  24     6.000000000e-02     5.018369974e-01    -5.485735476e-07
                  25     6.250000000e-02     6.576474653e-01    -7.453025819e-07
                  26     6.500000000e-02     8.416792896e-01    -9.849113870e-07
                  27     6.750000000e-02     1.054929396e+00    -1.270366115e-06
                  28     7.000000000e-02     1.297910506e+00    -1.604037443e-06
                  29     7.250000000e-02     1.570669401e+00    -1.987696282e-06
                  30     7.500000000e-02     1.872817997e+00    -2.422629735e-06
                  31     7.750000000e-02     2.200700597e+00     1.185712489e-06
                  32     8.000000000e-02     2.561763904e+00    -2.090244391e-06
                  33     8.250000000e-02     2.946073526e+00    -3.935372110e-06
                  34     8.500000000e-02     3.354695495e+00    -4.703930306e-06
                  35     8.750000000e-02     3.785776771e+00    -5.398183453e-06
                  36     9.000000000e-02     4.237266074e+00    -6.163044197e-06
                  37     9.250000000e-02     4.706994763e+00    -6.981752767e-06
                  38     9.500000000e-02     5.192716690e+00    -7.854192022e-06
                  39     9.750000000e-02     5.692144080e+00    -8.782167410e-06
                  40     1.000000000e-01     6.202979581e+00    -9.755998909e-06
                  41     1.025000000e-01     6.713442546e+00     2.927300580e-06
                  42     1.050000000e-01     7.249674691e+00    -7.397743991e-06
                  43     1.075000000e-01     7.781390406e+00    -1.273839300e-05
                  44     1.100000000e-01     8.315606512e+00    -1.443746836e-05
                  45     1.125000000e-01     8.850461089e+00    -1.579191617e-05
                  46     1.150000000e-01     9.384072633e+00    -1.724568762e-05
                  47     1.175000000e-01     9.914675489e+00    -1.874267357e-05
                  48     1.200000000e-01     1.044062718e+01    -2.040393079e-05
                  49     1.225000000e-01     1.096041477e+01    -2.211036347e-05
                  50     1.250000000e-01     1.147265778e+01    -2.399531382e-05
                  51     1.275000000e-01     1.195856039e+01    -1.406438136e-06
                  52     1.300000000e-01     1.246939512e+01    -1.936723520e-05
                  41     1.025000000e-01     6.722944360e+00    -1.082959033e-05
                  42     1.050000000e-01     7.249803288e+00    -1.196112231e-05
                  43     1.075000000e-01     7.781383105e+00    -1.312855304e-05
                  44     1.100000000e-01     8.315597058e+00    -1.443313321e-05
                  45     1.125000000e-01     8.850451862e+00    -1.580760814e-05
                  46     1.150000000e-01     9.384064274e+00    -1.722367263e-05
                  47     1.175000000e-01     9.914667425e+00    -1.879009969e-05
                  48     1.200000000e-01     1.044061967e+01    -2.040092758e-05
                  49     1.225000000e-01     1.096040742e+01    -2.216885183e-05
                  50     1.250000000e-01     1.147264883e+01    -2.396959869e-05
                  51     1.275000000e-01     1.195855360e+01    -1.394508747e-06
                  52     1.300000000e-01     1.246938885e+01    -1.946973935e-05
                  53     1.325000000e-01     1.295226104e+01    -2.933031505e-05
                  54     1.350000000e-01     1.342311807e+01    -3.242258933e-05
                  55     1.375000000e-01     1.388145710e+01    -3.489035397e-05
                  56     1.400000000e-01     1.432665876e+01    -3.750803323e-05
                  57     1.425000000e-01     1.475820698e+01    -4.023563096e-05
                  58     1.450000000e-01     1.517569494e+01    -4.314016922e-05
                  59     1.475000000e-01     1.557880640e+01    -4.617895355e-05
                  60     1.500000000e-01     1.596732367e+01    -4.936344804e-05
                  61     1.525000000e-01     1.631675287e+01    -2.176543335e-05
                  62     1.550000000e-01     1.669978981e+01    -4.381996426e-05
                  63     1.575000000e-01     1.704437140e+01    -5.816242871e-05
                  64     1.600000000e-01     1.737392818e+01    -6.299647621e-05
                  65     1.625000000e-01     1.768892608e+01    -6.699661068e-05
                  66     1.650000000e-01     1.798956333e+01    -7.108249516e-05
                  67     1.675000000e-01     1.827607361e+01    -7.538753250e-05
                  68     1.700000000e-01     1.854873314e+01    -7.973897498e-05
                  69     1.725000000e-01     1.880785863e+01    -8.431973292e-05
                  70     1.750000000e-01     1.905377274e+01    -8.899493469e-05
                  71     1.775000000e-01     1.925787429e+01    -6.313654839e-05
                  72     1.800000000e-01     1.950709206e+01    -8.472293128e-05
                  73     1.825000000e-01     1.971606532e+01    -1.022184481e-04
                  74     1.850000000e-01     1.991297827e+01    -1.087723745e-04
                  75     1.875000000e-01     2.009863847e+01    -1.142083451e-04
                  76     1.900000000e-01     2.027347873e+01    -1.197183575e-04
                  77     1.925000000e-01     2.043792193e+01    -1.253527954e-04
                  78     1.950000000e-01     2.059237326e+01    -1.311058908e-04
                  79     1.975000000e-01     2.073724309e+01    -1.378773532e-04
                  80     2.000000000e-01     2.087298752e+01    -1.436723043e-04
                  81     2.025000000e-01     2.096828239e+01    -1.241994396e-04
                  82     2.050000000e-01     2.111810071e+01    -1.392818156e-04
                  83     2.075000000e-01     2.122912770e+01    -1.586665914e-04
                  84     2.100000000e-01     2.133206800e+01    -1.664649933e-04
                  85     2.125000000e-01     2.142770189e+01    -1.730066265e-04
                  86     2.150000000e-01     2.151636801e+01    -1.795737397e-04
                  87     2.175000000e-01     2.159838207e+01    -1.862088364e-04
                  88     2.200000000e-01     2.167403671e+01    -1.929515356e-04
                  89     2.225000000e-01     2.174357042e+01    -1.996006466e-04
                  90     2.250000000e-01     2.180727646e+01    -2.079630434e-04
                  91     2.275000000e-01     2.183246818e+01    -1.990558757e-04
                  92     2.300000000e-01     2.191776263e+01    -2.036861971e-04
                  93     2.325000000e-01     2.196581968e+01    -2.240131081e-04
                  94     2.350000000e-01     2.200842681e+01    -2.325731441e-04
                  95     2.375000000e-01     2.204614785e+01    -2.397582376e-04
                  96     2.400000000e-01     2.207919244e+01    -2.469804058e-04
                  97     2.425000000e-01     2.210764241e+01    -2.541701352e-04
                  98     2.450000000e-01     2.213153012e+01    -2.614955493e-04
                  99     2.475000000e-01     2.215082649e+01    -2.686650009e-04
                 100     2.500000000e-01     2.216579429e+01    -2.775629562e-04
                 101     2.525000000e-01     2.217638024e+01    -2.843947224e-04
                 102     2.550000000e-01     2.218245535e+01    -2.892502846e-04
                 103     2.575000000e-01     2.218413828e+01    -2.979628373e-04
                 104     2.600000000e-01     2.218146812e+01    -3.063225441e-04
                 105     2.625000000e-01     2.217428111e+01    -3.134246849e-04
                 106     2.650000000e-01     2.216244890e+01    -3.205405701e-04
                 107     2.675000000e-01     2.214586870e+01    -3.277651006e-04
                 108     2.700000000e-01     2.212450064e+01    -3.349077194e-04
                 109     2.725000000e-01     2.209805052e+01    -3.436618277e-04
                 110     2.750000000e-01     2.206634731e+01    -3.503484826e-04
                 111     2.775000000e-01     2.202922652e+01    -3.574370614e-04
                 112     2.800000000e-01     2.198647199e+01    -3.644205880e-04
                 113     2.825000000e-01     2.193784815e+01    -3.713312414e-04
                 114     2.850000000e-01     2.188309227e+01    -3.782667788e-04
                 115     2.875000000e-01     2.182191771e+01    -3.851494890e-04
                 116     2.900000000e-01     2.175405553e+01    -3.918040342e-04
                 117     2.925000000e-01     2.167912735e+01    -4.000076938e-04
                 118     2.950000000e-01     2.159678898e+01    -4.060260375e-04
                 119     2.975000000e-01     2.150672407e+01    -4.127775249e-04
