                   1     2.500000000e-03     1.029309235e-83     8.754311699e-97
                   2     5.000000000e-03     2.780983988e-40     3.766629348e-54
                   3     7.500000000e-03     8.373519311e-26     2.945659005e-39
                   4     1.000000000e-02     1.456771785e-18    -3.446612864e-32
                   5     1.250000000e-02     3.222984757e-14    -1.451546209e-24
                   6     1.500000000e-02     2.531253200e-11    -3.184988773e-20
                   6     1.750000000e-02     2.925089659e-09    -2.496239045e-17
                   8     2.000000000e-02     1.011530311e-07    -2.880849916e-15
                   9     2.250000000e-02     1.556462205e-06    -1.000137376e-13
                  10     2.500000000e-02     1.355766765e-05    -1.557319868e-12
                  11     2.750000000e-02     7.806507354e-05    -1.383172376e-11
                  12     3.000000000e-02     3.297982750e-04    -8.163721754e-11
                  13     3.250000000e-02     1.099206842e-03    -3.544231092e-10
                  14     3.500000000e-02     3.044428722e-03    -1.214449731e-09
                  15     3.750000000e-02     7.278765714e-03    -3.454632984e-09
                  16     4.000000000e-02     1.545618950e-02    -8.467830918e-09
                  17     4.250000000e-02     2.978941876e-02    -1.839477805e-08
                  18     4.500000000e-02     5.299454477e-02    -3.618679479e-08
                  19     4.750000000e-02     8.817361985e-02    -6.556300570e-08
                  20     5.000000000e-02     1.386569881e-01    -1.108879744e-07
                  21     5.250000000e-02     2.078292865e-01    -1.769146614e-07
                  22     5.500000000e-02     2.989613114e-01    -2.685707775e-07
                  23     5.750000000e-02     4.150621370e-01    -3.908230624e-07
                  24     6.000000000e-02     5.587604640e-01    -5.482503070e-07
                  25     6.250000000e-02     7.322206109e-01    -7.448500638e-07
                  26     6.500000000e-02     9.370896657e-01    -9.842986752e-07
                  27     6.750000000e-02     1.174474281e+00    -1.269551515e-06
                  28     7.000000000e-02     1.444941856e+00    -1.602971800e-06
                  29     7.250000000e-02     1.748540959e+00    -1.986334831e-06
                  30     7.500000000e-02     2.084836001e+00    -2.420911546e-06
                  31     7.750000000e-02     2.450084781e+00     1.185318641e-06
                  32     8.000000000e-02     2.851585291e+00    -2.089385014e-06
                  33     8.250000000e-02     3.279254336e+00    -3.932420112e-06
                  34     8.500000000e-02     3.733958358e+00    -4.700125461e-06
                  35     8.750000000e-02     4.213627152e+00    -5.393464130e-06
                  36     9.000000000e-02     4.715974566e+00    -6.157781971e-06
                  37     9.250000000e-02     5.238584165e+00    -6.974902258e-06
                  38     9.500000000e-02     5.778953574e+00    -7.845843427e-06
                  39     9.750000000e-02     6.334534371e+00    -8.773254605e-06
                  40     1.000000000e-01     6.902767839e+00    -9.744345819e-06
                  41     1.025000000e-01     7.471633272e+00     2.927852047e-06
                  42     1.050000000e-01     8.066962285e+00    -7.386563587e-06
                  43     1.075000000e-01     8.658279084e+00    -1.272140563e-05
                  44     1.100000000e-01     9.252345695e+00    -1.441690621e-05
                  45     1.125000000e-01     9.847074799e+00    -1.576733941e-05
                  46     1.150000000e-01     1.044037201e+01    -1.721820700e-05
                  47     1.175000000e-01     1.103027260e+01    -1.871200317e-05
                  48     1.200000000e-01     1.161494903e+01    -2.037090785e-05
                  49     1.225000000e-01     1.219271819e+01    -2.208033057e-05
                  50     1.250000000e-01     1.276204463e+01    -2.394872642e-05
                  51     1.275000000e-01     1.330402723e+01    -1.404707594e-06
                  52     1.300000000e-01     1.386970965e+01    -1.932106316e-05
                  53     1.325000000e-01     1.440618961e+01    -2.924989912e-05
                  41     1.025000000e-01     7.481116145e+00    -1.081653457e-05
                  42     1.050000000e-01     8.067090638e+00    -1.194513017e-05
                  43     1.075000000e-01     8.658271771e+00    -1.311006191e-05
                  44     1.100000000e-01     9.252336285e+00    -1.441282057e-05
                  45     1.125000000e-01     9.847065548e+00    -1.578421458e-05
                  46     1.150000000e-01     1.044036369e+01    -1.719593097e-05
                  47     1.175000000e-01     1.103026449e+01    -1.875898117e-05
                  48     1.200000000e-01     1.161494156e+01    -2.036648722e-05
                  49     1.225000000e-01     1.219271100e+01    -2.213269520e-05
                  50     1.250000000e-01     1.276203576e+01    -2.393631393e-05
                  51     1.275000000e-01     1.330402043e+01    -1.382055701e-06
                  52     1.300000000e-01     1.386970338e+01    -1.944021340e-05
                  53     1.325000000e-01     1.440618357e+01    -2.926820161e-05
                  54     1.350000000e-01     1.492927950e+01    -3.236307692e-05
                  55     1.375000000e-01     1.543840532e+01    -3.483517242e-05
                  56     1.400000000e-01     1.593287314e+01    -3.742548299e-05
                  57     1.425000000e-01     1.641211072e+01    -4.015728457e-05
                  58     1.450000000e-01     1.687566710e+01    -4.304197385e-05
                  59     1.475000000e-01     1.732319253e+01    -4.607304622e-05
                  60     1.500000000e-01     1.775444655e+01    -4.925147533e-05
                  61     1.525000000e-01     1.814496818e+01    -2.174814171e-05
                  62     1.550000000e-01     1.856730914e+01    -4.373804474e-05
                  63     1.575000000e-01     1.894955091e+01    -5.806113943e-05
                  64     1.600000000e-01     1.931508808e+01    -6.288896685e-05
                  65     1.625000000e-01     1.966440334e+01    -6.687229467e-05
                  66     1.650000000e-01     1.999771846e+01    -7.095886044e-05
                  67     1.675000000e-01     2.031529295e+01    -7.520844623e-05
                  68     1.700000000e-01     2.061744079e+01    -7.959356254e-05
                  69     1.725000000e-01     2.090451367e+01    -8.414811804e-05
                  70     1.750000000e-01     2.117687343e+01    -8.884461636e-05
                  71     1.775000000e-01     2.140602096e+01    -6.311049402e-05
                  72     1.800000000e-01     2.167875464e+01    -8.453195153e-05
                  73     1.825000000e-01     2.190992997e+01    -1.020370574e-04
                  74     1.850000000e-01     2.212772442e+01    -1.085286905e-04
                  75     1.875000000e-01     2.233299021e+01    -1.139683590e-04
                  76     1.900000000e-01     2.252621455e+01    -1.194623541e-04
                  77     1.925000000e-01     2.270786625e+01    -1.250875629e-04
                  78     1.950000000e-01     2.287839635e+01    -1.308403485e-04
                  79     1.975000000e-01     2.303826615e+01    -1.376350095e-04
                  80     2.000000000e-01     2.318797712e+01    -1.433891201e-04
                  81     2.025000000e-01     2.329631200e+01    -1.241152776e-04
                  82     2.050000000e-01     2.345810410e+01    -1.390133633e-04
                  83     2.075000000e-01     2.358026500e+01    -1.583677909e-04
                  84     2.100000000e-01     2.369348126e+01    -1.661625827e-04
                  85     2.125000000e-01     2.379857175e+01    -1.726935907e-04
                  86     2.150000000e-01     2.389591326e+01    -1.792511288e-04
                  87     2.175000000e-01     2.398585718e+01    -1.858777900e-04
                  88     2.200000000e-01     2.406873001e+01    -1.925818324e-04
                  89     2.225000000e-01     2.414479910e+01    -1.993151596e-04
                  90     2.250000000e-01     2.421439067e+01    -2.075827077e-04
                  91     2.275000000e-01     2.424491097e+01    -1.989253252e-04
                  92     2.300000000e-01     2.433480352e+01    -2.033263148e-04
                  93     2.325000000e-01     2.438694567e+01    -2.236232127e-04
                  94     2.350000000e-01     2.443308278e+01    -2.321452063e-04
                  95     2.375000000e-01     2.447379126e+01    -2.393586018e-04
                  96     2.400000000e-01     2.450930311e+01    -2.465413806e-04
                  97     2.425000000e-01     2.453970896e+01    -2.537542436e-04
                  98     2.450000000e-01     2.456504655e+01    -2.610222184e-04
                  99     2.475000000e-01     2.458529250e+01    -2.681908530e-04
                 100     2.500000000e-01     2.460072383e+01    -2.771051280e-04
                 101     2.525000000e-01     2.461128734e+01    -2.839255534e-04
                 102     2.550000000e-01     2.461684068e+01    -2.886661302e-04
                 103     2.575000000e-01     2.461752078e+01    -2.974222215e-04
                 104     2.600000000e-01     2.461335915e+01    -3.058677590e-04
                 105     2.625000000e-01     2.460417590e+01    -3.129188281e-04
                 106     2.650000000e-01     2.458983334e+01    -3.200643061e-04
                 107     2.675000000e-01     2.457021612e+01    -3.272457915e-04
                 108     2.700000000e-01     2.454527514e+01    -3.343704484e-04
                 109     2.725000000e-01     2.451468818e+01    -3.431390696e-04
                 110     2.750000000e-01     2.447826901e+01    -3.498145087e-04
                 111     2.775000000e-01     2.443582933e+01    -3.569220582e-04
                 112     2.800000000e-01     2.438712956e+01    -3.638687245e-04
                 113     2.825000000e-01     2.433190660e+01    -3.708036450e-04
                 114     2.850000000e-01     2.426986656e+01    -3.776942638e-04
                 115     2.875000000e-01     2.420069222e+01    -3.845377563e-04
                 116     2.900000000e-01     2.412408964e+01    -3.911965325e-04
                 117     2.925000000e-01     2.403963651e+01    -3.994099708e-04
                 118     2.950000000e-01     2.394694255e+01    -4.054452259e-04
                 119     2.975000000e-01     2.384565803e+01    -4.121596940e-04
